0,0.61213,0.65561,0.65904,0.28947,0.11442,0.45309,0.27574,0.12128,0.12471,0.14989,0.23112,0.24027,0.30664,0.34897,0.16247,0.23341,0.43249,0.3135,0.16819,0.31007,0.30092,0.47483,0.39474,0.48284,0.38673,0.50343,0.25172,0.51945,0.52059,0.53432,0.40275,0.49657,0.49542,0.40389,0.48856,0.40847,0.48513,0.46568,0.46568,0.47025,0.50915,0.46796,0.48169,0.42563,0.51602,0.50915,0.51716,0.47483,0.52632
0,0.65446,0.63616,0.18993,0.61098,0.59954,0.1167,0.14416,0.30549,0.12471,0.14989,0.17849,0.15217,0.33066,0.16247,0.23341,0.45767,0.30664,0.29977,0.31579,0.17162,0.29176,0.33867,0.3032,0.18307,0.40389,0.50458,0.48055,0.41076,0.43936,0.31236,0.52403,0.49771,0.4897,0.53661,0.40503,0.47368,0.52403,0.53547,0.4119,0.5103,0.53089,0.47025,0.46796,0.58352,0.48627,0.46682,0.47254,0.49314,0.54462
0,0.67963,0.61327,0.27803,0.65904,0.1167,0.1167,0.12243,0.30549,0.1476,0.30435,0.30206,0.26545,0.15561,0.29977,0.16476,0.30892,0.34897,0.35126,0.31579,0.17162,0.30206,0.246,0.17849,0.24828,0.29519,0.25515,0.42563,0.28947,0.40732,0.41076,0.52632,0.48398,0.49542,0.50229,0.40618,0.52403,0.53776,0.47483,0.59268,0.46568,0.47368,0.4714,0.46911,0.4714,0.47368,0.4714,0.48856,0.48741,0.48741
0,0.69222,0.63043,0.57437,0.56751,0.1167,0.22311,0.19565,0.17963,0.50229,0.39931,0.21396,0.39359,0.15561,0.30435,0.51716,0.45995,0.3032,0.24485,0.17048,0.30092,0.3135,0.32037,0.42677,0.37414,0.34439,0.30092,0.52288,0.38673,0.29634,0.46339,0.41304,0.54233,0.35126,0.41533,0.41533,0.53547,0.5,0.49542,0.48398,0.53547,0.48284,0.60412,0.48513,0.48398,0.48284,0.51831,0.54462,0.42677,0.41648
0,0.64989,0.71625,0.66934,0.33066,0.19794,0.1167,0.13272,0.14302,0.14531,0.14645,0.14645,0.15217,0.2643,0.43936,0.16705,0.31007,0.30778,0.36728,0.30892,0.31236,0.50458,0.46568,0.36499,0.26545,0.34211,0.18764,0.48169,0.39588,0.52059,0.38444,0.4119,0.3032,0.49886,0.54577,0.59497,0.49771,0.56636,0.49542,0.47368,0.48856,0.48856,0.4897,0.41419,0.48741,0.51259,0.48627,0.48513,0.49314,0.49657
0,0.65217,0.64989,0.66934,0.075515,0.64645,0.1167,0.40847,0.12128,0.25744,0.30092,0.14645,0.15332,0.15561,0.16247,0.29977,0.23227,0.23455,0.45309,0.29977,0.3135,0.35584,0.16819,0.36041,0.16819,0.37986,0.4222,0.30549,0.43593,0.29519,0.45538,0.35469,0.41304,0.46453,0.46453,0.56064,0.54805,0.46453,0.46224,0.52517,0.4897,0.49771,0.49199,0.49542,0.49085,0.4897,0.4897,0.45423,0.49428,0.49657
0,0.60526,0.55492,0.58924,0.27803,0.19451,0.52517,0.23455,0.19222,0.26087,0.28261,0.24371,0.16705,0.15561,0.17735,0.1659,0.16934,0.3032,0.30778,0.31121,0.45881,0.17162,0.46682,0.39359,0.49314,0.373,0.48856,0.18535,0.58352,0.29291,0.4016,0.29748,0.4119,0.50229,0.51602,0.51259,0.51716,0.50458,0.51945,0.52632,0.53661,0.50801,0.46568,0.41648,0.41076,0.54691,0.49771,0.54805,0.45995,0.55034
0,0.63272,0.67048,0.26087,0.42677,0.11556,0.47941,0.14073,0.19336,0.14416,0.28375,0.14989,0.28261,0.2643,0.22769,0.30092,0.2746,0.16934,0.24485,0.28261,0.30092,0.46682,0.1762,0.40618,0.36384,0.37071,0.35355,0.373,0.37757,0.33867,0.30435,0.30549,0.4897,0.28261,0.39588,0.55835,0.46682,0.30892,0.54462,0.46568,0.55149,0.40503,0.57208,0.54119,0.45652,0.49886,0.45881,0.45652,0.5778,0.46453
0,0.68078,0.67391,0.64188,0.25057,0.21854,0.11556,0.14188,0.14188,0.30435,0.14645,0.15103,0.23455,0.15675,0.30778,0.27346,0.2746,0.45309,0.16819,0.23799,0.46682,0.2746,0.17048,0.36041,0.27117,0.24485,0.3833,0.33753,0.35011,0.34668,0.47368,0.36499,0.30549,0.40732,0.24828,0.40503,0.4611,0.5103,0.44165,0.44737,0.55721,0.52746,0.57094,0.45881,0.57551,0.45767,0.5,0.4405,0.46796,0.51259
0,0.66705,0.61442,0.63616,0.075515,0.47712,0.11327,0.254,0.14188,0.1968,0.24714,0.15103,0.4897,0.33524,0.25629,0.24714,0.31236,0.16934,0.16819,0.30206,0.31693,0.46682,0.17048,0.17048,0.46682,0.37643,0.43707,0.51259,0.29291,0.3032,0.38902,0.39359,0.30892,0.52975,0.24943,0.32952,0.27117,0.34783,0.41076,0.54119,0.41876,0.56064,0.5103,0.5103,0.46339,0.50686,0.46796,0.57437,0.37414,0.46682
0,0.627,0.68421,0.61899,0.66819,0.53204,0.13844,0.14188,0.14188,0.35011,0.39016,0.22311,0.15332,0.15675,0.16476,0.25744,0.1659,0.34325,0.23913,0.16934,0.29062,0.3627,0.2746,0.17048,0.32952,0.22426,0.37986,0.37529,0.30892,0.41762,0.2849,0.54119,0.40732,0.36499,0.52174,0.40961,0.53776,0.34325,0.46453,0.35927,0.52288,0.33181,0.51487,0.37872,0.42334,0.36041,0.38787,0.46453,0.35927,0.35927
0,0.68078,0.68764,0.67849,0.18993,0.10526,0.22311,0.26201,0.14188,0.25057,0.32609,0.15103,0.15332,0.29291,0.30092,0.22998,0.16705,0.36041,0.26659,0.20824,0.246,0.2357,0.18535,0.246,0.24828,0.37529,0.17277,0.17391,0.34668,0.47597,0.36041,0.49199,0.30778,0.52746,0.29634,0.40618,0.51831,0.29977,0.53318,0.46682,0.48513,0.46453,0.52746,0.41991,0.41991,0.58009,0.46453,0.46453,0.54348,0.46568
0,0.66362,0.68764,0.63272,0.33524,0.22769,0.61327,0.22311,0.14188,0.24714,0.15103,0.15103,0.28261,0.3032,0.25286,0.29863,0.30435,0.30435,0.27002,0.37986,0.17277,0.373,0.17391,0.17277,0.17391,0.46911,0.24485,0.17391,0.29748,0.28261,0.36499,0.49199,0.38558,0.47826,0.40732,0.38101,0.41876,0.36384,0.37071,0.41876,0.57208,0.29863,0.56751,0.38215,0.46453,0.46568,0.38787,0.46453,0.31808,0.46568
0,0.67277,0.68307,0.68879,0.68192,0.20481,0.22883,0.13844,0.14188,0.24371,0.14989,0.15103,0.15446,0.42449,0.1659,0.26316,0.16819,0.25172,0.30206,0.3341,0.17391,0.18535,0.17391,0.24714,0.28719,0.37872,0.24485,0.24371,0.22082,0.34211,0.50114,0.47368,0.37643,0.36728,0.45309,0.44394,0.4222,0.45652,0.36499,0.5103,0.37872,0.36728,0.29863,0.54005,0.40961,0.30549,0.36499,0.46453,0.36041,0.36613
0,0.73227,0.66247,0.67963,0.65675,0.39474,0.19451,0.13844,0.29977,0.14302,0.23455,0.22769,0.15446,0.36957,0.16247,0.23227,0.1659,0.3238,0.34325,0.32037,0.24828,0.20938,0.30206,0.24714,0.30664,0.36499,0.17391,0.47254,0.17391,0.24943,0.3524,0.36384,0.33867,0.37643,0.31236,0.53776,0.5286,0.45309,0.52632,0.42677,0.36041,0.3135,0.41991,0.41762,0.37757,0.31465,0.31465,0.38673,0.38673,0.5778
0,0.64874,0.63043,0.64645,0.26545,0.22082,0.14073,0.13844,0.14188,0.14302,0.30206,0.30092,0.15561,0.16018,0.16247,0.16362,0.38787,0.27231,0.27803,0.31808,0.1762,0.30206,0.23112,0.17506,0.23341,0.50572,0.44622,0.18764,0.17735,0.35584,0.2357,0.36384,0.46339,0.30549,0.3341,0.33524,0.35355,0.41991,0.46568,0.4119,0.52746,0.56064,0.4714,0.40618,0.36613,0.33753,0.3341,0.31693,0.38444,0.42334
0,0.66133,0.73684,0.31236,0.076659,0.099542,0.22654,0.1373,0.29977,0.23913,0.15103,0.15332,0.15561,0.16018,0.22883,0.16476,0.39016,0.35469,0.24485,0.3032,0.1762,0.24714,0.17391,0.2357,0.23341,0.47254,0.17391,0.47254,0.22769,0.31236,0.45995,0.38787,0.37986,0.50114,0.41876,0.42906,0.35469,0.40847,0.42449,0.50458,0.42677,0.42105,0.51487,0.41648,0.45195,0.56751,0.37872,0.50801,0.54233,0.36957
0,0.67048,0.72654,0.65789,0.52975,0.4508,0.14073,0.2254,0.14188,0.34096,0.15103,0.22082,0.22082,0.16018,0.1659,0.44966,0.45195,0.47712,0.1373,0.17506,0.34668,0.1762,0.1762,0.27231,0.27689,0.14188,0.2746,0.25858,0.22883,0.31579,0.31465,0.22998,0.26201,0.25057,0.35355,0.42449,0.41533,0.53661,0.50458,0.52174,0.51144,0.4611,0.45881,0.40618,0.52403,0.40275,0.373,0.42563,0.40847,0.40618
0,0.67162,0.65446,0.3135,0.56979,0.21396,0.14073,0.13844,0.14302,0.22998,0.30092,0.15446,0.15561,0.26659,0.246,0.22998,0.24485,0.29977,0.3032,0.23227,0.1762,0.32609,0.42449,0.22654,0.51259,0.17506,0.37757,0.38101,0.29863,0.31579,0.34554,0.53089,0.32265,0.24027,0.42563,0.38787,0.52975,0.36957,0.52517,0.50686,0.37872,0.58124,0.32151,0.37185,0.52059,0.5286,0.40389,0.4222,0.41991,0.38558
0,0.65332,0.68078,0.71625,0.18078,0.21625,0.17391,0.22197,0.22998,0.14302,0.22769,0.24142,0.15561,0.23341,0.17735,0.24256,0.16819,0.39588,0.13844,0.17506,0.26773,0.36613,0.31236,0.14416,0.14302,0.17506,0.28261,0.36957,0.24943,0.38101,0.31121,0.32151,0.37643,0.23799,0.24142,0.51945,0.38902,0.45195,0.52975,0.31693,0.43936,0.52403,0.51831,0.52746,0.3238,0.46568,0.51716,0.51487,0.51602,0.42334
0,0.61785,0.60755,0.64073,0.64645,0.59725,0.13959,0.1373,0.63158,0.22998,0.49657,0.15332,0.15789,0.15904,0.16476,0.29519,0.24485,0.1373,0.25172,0.40275,0.246,0.35011,0.3913,0.30206,0.1865,0.28146,0.34783,0.36728,0.35469,0.18078,0.30435,0.31465,0.59954,0.49085,0.3032,0.3238,0.50229,0.36041,0.38101,0.52403,0.56636,0.52517,0.40618,0.41991,0.49771,0.46568,0.51831,0.36957,0.45995,0.37185
0,0.64645,0.65332,0.61899,0.64416,0.10526,0.13158,0.13844,0.14188,0.22082,0.52288,0.15332,0.15789,0.29062,0.22998,0.16476,0.16934,0.34325,0.17391,0.43707,0.246,0.1762,0.25858,0.17391,0.41419,0.52059,0.1762,0.31007,0.23455,0.31121,0.37643,0.37529,0.48856,0.38215,0.48513,0.19222,0.4508,0.24371,0.41991,0.46682,0.37986,0.59039,0.50343,0.38787,0.37071,0.52746,0.40732,0.41648,0.47368,0.37185
0,0.62586,0.69451,0.65904,0.61556,0.52517,0.37071,0.13844,0.22426,0.14302,0.57094,0.40389,0.29176,0.16247,0.30206,0.23913,0.24485,0.17048,0.24256,0.24371,0.22082,0.30549,0.41304,0.41648,0.30664,0.47826,0.14302,0.20023,0.31693,0.56865,0.22197,0.37872,0.31007,0.42677,0.5286,0.29291,0.36041,0.52288,0.53318,0.37986,0.32265,0.50915,0.37414,0.373,0.33638,0.37986,0.38558,0.49542,0.37071,0.59497
0,0.67277,0.63501,0.58696,0.6762,0.127,0.17391,0.22197,0.14188,0.17735,0.14874,0.38787,0.15789,0.39474,0.23455,0.16819,0.13272,0.5492,0.30092,0.17391,0.14531,0.25515,0.4119,0.45423,0.51373,0.20023,0.22998,0.36384,0.37185,0.28719,0.24256,0.20252,0.37643,0.28833,0.21167,0.47597,0.55034,0.37529,0.54005,0.57208,0.5286,0.50458,0.32151,0.32151,0.373,0.37986,0.37529,0.59268,0.47368,0.37414
0,0.65904,0.63387,0.43822,0.6968,0.39703,0.13158,0.13043,0.14188,0.23799,0.23684,0.15103,0.28375,0.16247,0.16362,0.13043,0.46224,0.29634,0.28604,0.17391,0.30435,0.17506,0.4611,0.45881,0.30778,0.51259,0.31693,0.31465,0.1968,0.37529,0.48284,0.20709,0.37757,0.34211,0.32265,0.21281,0.21625,0.53089,0.45195,0.52632,0.37986,0.32494,0.37872,0.36041,0.6087,0.52746,0.59497,0.5389,0.37872,0.29748
0,0.66362,0.63501,0.60297,0.64416,0.21281,0.22197,0.21739,0.21968,0.22883,0.14989,0.57551,0.15561,0.16247,0.16362,0.13158,0.29748,0.3135,0.23684,0.29291,0.17391,0.32151,0.45881,0.21281,0.1762,0.57437,0.14416,0.19794,0.42792,0.42334,0.37643,0.28604,0.42563,0.29405,0.36384,0.31579,0.37757,0.29176,0.36499,0.48284,0.4714,0.40046,0.52517,0.37872,0.37872,0.37757,0.29519,0.37757,0.32952,0.24142
0,0.66247,0.63043,0.58924,0.67506,0.127,0.13043,0.22426,0.14302,0.14874,0.14989,0.19222,0.2357,0.29634,0.24142,0.24256,0.30092,0.14188,0.14302,0.22082,0.14645,0.3032,0.1762,0.35698,0.14531,0.40389,0.37071,0.1865,0.51602,0.32838,0.30892,0.37643,0.37757,0.38444,0.31693,0.34668,0.35927,0.37414,0.37986,0.23112,0.37872,0.29748,0.48513,0.37529,0.51487,0.5984,0.37643,0.34096,0.24142,0.37071
0,0.69908,0.65561,0.36041,0.63844,0.16476,0.10526,0.19336,0.21968,0.14874,0.14989,0.15332,0.15446,0.28032,0.24256,0.16705,0.24943,0.14188,0.14188,0.1659,0.18764,0.39931,0.2254,0.17506,0.3135,0.3135,0.35698,0.26773,0.54005,0.38444,0.35126,0.21396,0.37757,0.35812,0.37757,0.37757,0.25172,0.35927,0.23112,0.23341,0.36842,0.37757,0.37757,0.37872,0.37529,0.37757,0.37643,0.37757,0.4222,0.36041
0,0.71281,0.24485,0.13387,0.38444,0.10069,0.12929,0.23227,0.1762,0.2254,0.23112,0.28146,0.22769,0.29519,0.12586,0.16705,0.31121,0.30778,0.18879,0.17391,0.17391,0.14645,0.30664,0.14531,0.16934,0.35698,0.19794,0.23455,0.24256,0.33638,0.37414,0.59611,0.21281,0.29291,0.25057,0.37643,0.35927,0.23341,0.37757,0.37757,0.37872,0.37529,0.37757,0.29977,0.32952,0.37757,0.37643,0.37529,0.37757,0.37757
0,0.69908,0.61098,0.2254,0.35812,0.69336,0.17506,0.28261,0.13387,0.14989,0.24371,0.23341,0.15446,0.15904,0.22311,0.24371,0.29405,0.25057,0.21968,0.34096,0.26316,0.14645,0.45767,0.1762,0.46911,0.23684,0.24142,0.35812,0.47025,0.37414,0.37414,0.37529,0.1968,0.32609,0.3135,0.32265,0.29176,0.23341,0.33982,0.23455,0.34096,0.32838,0.32838,0.23684,0.37643,0.34096,0.37757,0.37757,0.3032,0.36499
0,0.69222,0.62471,0.38558,0.47368,0.58124,0.10412,0.10641,0.57895,0.22654,0.15332,0.23227,0.29519,0.27918,0.16247,0.22311,0.18535,0.31579,0.21854,0.25629,0.28032,0.16819,0.27346,0.23455,0.36499,0.37185,0.36041,0.37071,0.47483,0.2849,0.37414,0.27117,0.22082,0.37529,0.27689,0.27918,0.37643,0.23227,0.37757,0.37185,0.29977,0.33982,0.37872,0.29863,0.33524,0.36842,0.24142,0.37643,0.37643,0.37643
0,0.69336,0.64645,0.66133,0.58467,0.69451,0.28032,0.40847,0.13387,0.14073,0.28719,0.1167,0.20023,0.29519,0.16247,0.13272,0.14073,0.35469,0.30549,0.19908,0.22426,0.16934,0.23112,0.16819,0.31465,0.24142,0.35469,0.48169,0.37185,0.37414,0.21625,0.37414,0.37414,0.41304,0.32494,0.23227,0.373,0.40275,0.42677,0.40389,0.33638,0.37414,0.33753,0.33753,0.3627,0.36156,0.37643,0.37757,0.34554,0.30435
0,0.67849,0.63959,0.56407,0.17963,0.40046,0.23227,0.10755,0.17277,0.56979,0.23341,0.35927,0.22082,0.12929,0.24485,0.15789,0.16018,0.20595,0.27918,0.2849,0.30549,0.36384,0.14531,0.3135,0.35584,0.37185,0.20137,0.37414,0.31579,0.41533,0.28719,0.32265,0.28833,0.35698,0.23227,0.35698,0.23227,0.37643,0.28032,0.37643,0.24027,0.41876,0.34211,0.29634,0.36957,0.37529,0.37529,0.37529,0.24256,0.37529
0,0.6865,0.67048,0.32838,0.68307,0.10183,0.28146,0.58009,0.62357,0.28261,0.11442,0.1167,0.14989,0.246,0.15675,0.29405,0.29977,0.14188,0.33524,0.29748,0.29863,0.22426,0.30892,0.29748,0.31236,0.61213,0.22654,0.37185,0.35698,0.373,0.246,0.22883,0.41991,0.373,0.373,0.23455,0.37414,0.35469,0.23799,0.37529,0.32609,0.29176,0.24142,0.33753,0.55034,0.37643,0.37529,0.34439,0.34554,0.41762
0,0.67506,0.64989,0.23684,0.51716,0.54805,0.28146,0.1865,0.10297,0.18993,0.22998,0.34096,0.23913,0.29519,0.13272,0.53547,0.29291,0.14188,0.29062,0.14302,0.20938,0.14416,0.14531,0.31236,0.40389,0.14645,0.3135,0.40961,0.22082,0.32151,0.37071,0.37185,0.37071,0.373,0.35126,0.23455,0.373,0.37414,0.373,0.3627,0.373,0.29519,0.34211,0.37757,0.37529,0.37185,0.373,0.37414,0.24714,0.37414
0,0.66705,0.63158,0.48741,0.17048,0.51602,0.10641,0.17391,0.10412,0.28604,0.14531,0.51144,0.19908,0.29291,0.15675,0.13501,0.14188,0.14188,0.29519,0.3032,0.21968,0.14416,0.31236,0.14645,0.20023,0.3135,0.32723,0.34325,0.31465,0.61899,0.31808,0.37185,0.27918,0.43593,0.37071,0.40275,0.23684,0.373,0.373,0.37185,0.28032,0.33524,0.34211,0.373,0.34211,0.34554,0.3627,0.34668,0.373,0.24714
0,0.66247,0.63616,0.29291,0.099542,0.23684,0.17162,0.13272,0.12929,0.24142,0.60526,0.14416,0.20595,0.12929,0.29176,0.29519,0.29291,0.26087,0.25057,0.30549,0.30549,0.22883,0.29405,0.35469,0.22426,0.15789,0.21396,0.36842,0.3524,0.35469,0.23112,0.34668,0.3524,0.35584,0.33066,0.37071,0.28032,0.24027,0.37185,0.41076,0.37071,0.37185,0.34211,0.35698,0.28719,0.52746,0.30206,0.246,0.246,0.26087
0,0.71625,0.59497,0.51487,0.28375,0.10297,0.10526,0.1087,0.23799,0.24142,0.24714,0.18421,0.12357,0.29176,0.13387,0.19794,0.24714,0.14188,0.29519,0.14302,0.20023,0.14302,0.14531,0.31121,0.36613,0.36957,0.34668,0.36728,0.34897,0.35355,0.35011,0.31121,0.23341,0.54805,0.34096,0.36957,0.37071,0.23913,0.373,0.24027,0.24027,0.24027,0.37071,0.24256,0.37185,0.33524,0.29977,0.246,0.36384,0.34783
0,0.66934,0.63501,0.39703,0.19794,0.10297,0.18192,0.1087,0.12815,0.14073,0.39359,0.12357,0.22998,0.15103,0.26316,0.1373,0.25858,0.28947,0.28375,0.14302,0.26316,0.14416,0.14645,0.1476,0.31121,0.36957,0.36613,0.32037,0.36842,0.32723,0.33295,0.36842,0.36957,0.33982,0.36957,0.23684,0.34325,0.29291,0.23913,0.29291,0.3524,0.37185,0.37185,0.36728,0.3341,0.3341,0.34668,0.34783,0.28261,0.246
0,0.71167,0.68078,0.65789,0.27918,0.10297,0.10526,0.1087,0.12815,0.14073,0.24027,0.28146,0.12929,0.13272,0.25172,0.29176,0.29405,0.28947,0.22426,0.30892,0.29176,0.29176,0.31121,0.22654,0.31579,0.36957,0.36957,0.3135,0.32494,0.32609,0.33524,0.35469,0.23227,0.27918,0.23455,0.34668,0.34439,0.34783,0.40275,0.36842,0.36957,0.3341,0.24256,0.37071,0.34554,0.24371,0.24371,0.37185,0.24485,0.4016
0,0.67162,0.64531,0.46682,0.65446,0.16476,0.66247,0.1087,0.2849,0.23799,0.21625,0.28604,0.63043,0.18421,0.29291,0.29176,0.3341,0.14188,0.30435,0.34554,0.14188,0.36384,0.26888,0.31121,0.32952,0.39931,0.3524,0.34783,0.31121,0.31121,0.23112,0.23227,0.23341,0.31922,0.36728,0.36957,0.34325,0.23799,0.35011,0.36957,0.36728,0.34668,0.34554,0.24256,0.37185,0.24371,0.37643,0.37414,0.29062,0.35126
0,0.64874,0.60641,0.65446,0.66247,0.10297,0.27918,0.1087,0.12929,0.21739,0.59954,0.29062,0.14874,0.13272,0.13501,0.29176,0.29977,0.3135,0.28947,0.14416,0.14416,0.36384,0.14416,0.31121,0.31808,0.35355,0.36957,0.3524,0.31121,0.33638,0.36499,0.36842,0.36842,0.23455,0.36613,0.23684,0.373,0.23684,0.34554,0.34096,0.34439,0.33181,0.3341,0.39931,0.24256,0.29977,0.373,0.37414,0.35126,0.36957
0,0.70824,0.59725,0.31579,0.32151,0.28146,0.10641,0.17735,0.25744,0.29062,0.28833,0.21281,0.29176,0.34554,0.1373,0.13616,0.33295,0.14188,0.14302,0.22883,0.26087,0.1476,0.26087,0.14989,0.15904,0.40961,0.24027,0.22998,0.22998,0.41419,0.36499,0.29519,0.34439,0.35011,0.34325,0.36499,0.34668,0.40046,0.26201,0.37071,0.36728,0.24256,0.29634,0.37185,0.34668,0.49085,0.24485,0.36842,0.373,0.36842
0,0.67391,0.62471,0.17048,0.6373,0.10297,0.19336,0.2357,0.10984,0.12128,0.24371,0.12471,0.13158,0.28947,0.13616,0.14073,0.13844,0.33066,0.14416,0.14531,0.14531,0.30892,0.14645,0.14874,0.36384,0.24371,0.32723,0.34211,0.33295,0.36613,0.36842,0.36957,0.34325,0.3524,0.36613,0.23684,0.36957,0.34439,0.34325,0.36384,0.24142,0.4016,0.29519,0.37185,0.34897,0.36613,0.35469,0.24714,0.40389,0.42105
0,0.64531,0.61098,0.62357,0.66819,0.10412,0.10641,0.10755,0.11899,0.28032,0.2849,0.2849,0.29176,0.20481,0.13501,0.31693,0.14188,0.30206,0.19108,0.22998,0.22883,0.29176,0.26316,0.31693,0.16819,0.53547,0.22883,0.22883,0.36842,0.36728,0.36842,0.36957,0.36728,0.35011,0.32838,0.28947,0.32952,0.36957,0.34668,0.36957,0.34211,0.26659,0.34783,0.43249,0.34897,0.37071,0.35584,0.37185,0.24828,0.37185
0,0.7254,0.59497,0.34783,0.6659,0.10412,0.10641,0.27803,0.11899,0.12128,0.12471,0.2849,0.13387,0.13501,0.13616,0.30092,0.28375,0.14416,0.30664,0.36842,0.14531,0.29405,0.15904,0.36613,0.22426,0.28947,0.34439,0.61785,0.28032,0.36728,0.33867,0.36613,0.34325,0.41533,0.23684,0.36842,0.34211,0.36613,0.35011,0.34211,0.36842,0.36957,0.24485,0.3524,0.29519,0.36957,0.35469,0.37185,0.36957,0.35584
0,0.6476,0.61213,0.52059,0.24371,0.10526,0.17963,0.27574,0.12128,0.18764,0.12471,0.2849,0.13501,0.30549,0.36957,0.13844,0.30435,0.25858,0.30778,0.22883,0.1476,0.16018,0.36041,0.33753,0.35011,0.39817,0.22998,0.22883,0.28146,0.35011,0.28947,0.28947,0.28375,0.36957,0.41533,0.36957,0.24027,0.24256,0.24256,0.36499,0.24256,0.36842,0.34439,0.36957,0.24714,0.35469,0.35469,0.373,0.36957,0.37071
0,0.63959,0.64531,0.29405,0.18078,0.24485,0.67735,0.11442,0.26201,0.19451,0.2746,0.13043,0.28032,0.61899,0.16705,0.30664,0.34439,0.14531,0.31007,0.22883,0.35126,0.14989,0.27231,0.27231,0.35011,0.23684,0.22769,0.36613,0.34096,0.28947,0.36957,0.34554,0.36613,0.36957,0.34554,0.33066,0.36957,0.36842,0.24256,0.24371,0.33982,0.34211,0.36842,0.33295,0.35355,0.28604,0.35469,0.36842,0.36957,0.35698
0,0.69222,0.61785,0.5881,0.26888,0.30206,0.27918,0.1762,0.20023,0.12243,0.12357,0.69336,0.13501,0.13387,0.13616,0.36957,0.24371,0.14531,0.30892,0.26773,0.15675,0.30435,0.31693,0.31465,0.36156,0.36842,0.25286,0.35011,0.51602,0.52059,0.23341,0.36957,0.52975,0.23684,0.29062,0.36842,0.36842,0.36728,0.24256,0.36842,0.29748,0.36842,0.3524,0.33181,0.27803,0.36842,0.25172,0.39359,0.36957,0.35812
0,0.6865,0.61556,0.67048,0.37872,0.18879,0.19108,0.11785,0.11327,0.12243,0.19108,0.28146,0.29062,0.32609,0.3524,0.13844,0.14302,0.14645,0.1968,0.37757,0.50801,0.3627,0.20023,0.36728,0.36499,0.20252,0.31236,0.36957,0.36957,0.36384,0.25286,0.34096,0.40389,0.36957,0.36499,0.29062,0.29176,0.36499,0.28146,0.24371,0.34096,0.3524,0.25057,0.33638,0.34668,0.37071,0.35355,0.25286,0.34096,0.29863
0,0.69222,0.63158,0.67277,0.10297,0.45652,0.10526,0.11785,0.27231,0.54233,0.31808,0.13272,0.13387,0.28146,0.32151,0.35011,0.14531,0.30778,0.1762,0.44165,0.29291,0.35469,0.32151,0.34325,0.24828,0.41076,0.36957,0.34211,0.37757,0.36728,0.36613,0.36957,0.36728,0.29062,0.33867,0.36842,0.36842,0.35011,0.36728,0.5492,0.24714,0.5492,0.24943,0.373,0.36499,0.25172,0.25172,0.37185,0.36957,0.373
0,0.69565,0.61899,0.66819,0.25057,0.33867,0.10641,0.18078,0.11442,0.20824,0.29405,0.30206,0.20824,0.30206,0.35469,0.31007,0.30435,0.30778,0.29519,0.37643,0.32723,0.36728,0.22197,0.29634,0.22654,0.36613,0.22883,0.35812,0.23112,0.23112,0.29062,0.23455,0.3627,0.58467,0.36842,0.36957,0.246,0.36728,0.5492,0.36728,0.29634,0.36499,0.28719,0.25172,0.37071,0.37414,0.36728,0.29863,0.36957,0.41304
0,0.61442,0.63387,0.5286,0.67277,0.66133,0.25286,0.38558,0.6087,0.12357,0.28833,0.13387,0.42563,0.31922,0.30664,0.30892,0.3913,0.33753,0.49428,0.34783,0.31808,0.64531,0.28261,0.31007,0.41533,0.35011,0.23112,0.36842,0.36728,0.49428,0.40847,0.35126,0.35011,0.35355,0.38215,0.38787,0.3833,0.34439,0.28375,0.36728,0.24828,0.25172,0.35011,0.25172,0.35126,0.36728,0.40046,0.254,0.33638,0.35698
0,0.67849,0.63959,0.71854,0.54691,0.64645,0.2643,0.37529,0.29291,0.29863,0.12929,0.30206,0.32151,0.20252,0.33638,0.62471,0.2643,0.26201,0.33982,0.27346,0.31922,0.29748,0.32265,0.35698,0.50114,0.36613,0.33982,0.34325,0.39588,0.38787,0.36384,0.36728,0.37757,0.34439,0.37071,0.36728,0.36842,0.36842,0.29519,0.34439,0.25172,0.36728,0.36728,0.36842,0.58238,0.36842,0.42449,0.38558,0.36041,0.30092
0,0.67162,0.60984,0.59497,0.10526,0.10526,0.19222,0.11899,0.12357,0.12357,0.20824,0.13158,0.13501,0.5492,0.17963,0.35469,0.31236,0.5389,0.23341,0.35011,0.37986,0.31007,0.28604,0.27918,0.38101,0.38787,0.22998,0.36613,0.36613,0.34554,0.41419,0.33066,0.37529,0.41876,0.34439,0.3524,0.36499,0.37185,0.36842,0.37185,0.38101,0.38444,0.25172,0.25172,0.37185,0.35698,0.38558,0.42677,0.37643,0.37185
0,0.56979,0.6167,0.71281,0.18078,0.10412,0.1762,0.33181,0.30778,0.29748,0.29863,0.47826,0.17391,0.37757,0.24142,0.3833,0.31922,0.36957,0.30778,0.35584,0.27574,0.36384,0.36957,0.35469,0.36728,0.35011,0.28375,0.35927,0.38444,0.37757,0.39474,0.34325,0.42334,0.33066,0.34211,0.33982,0.28947,0.36613,0.34554,0.37185,0.29863,0.35469,0.35011,0.34783,0.34897,0.40389,0.34897,0.36957,0.35469,0.4016
0,0.63844,0.63387,0.68307,0.68993,0.37185,0.18307,0.32037,0.66247,0.12586,0.20938,0.14188,0.24828,0.69451,0.34211,0.3524,0.31236,0.42792,0.53661,0.38215,0.40847,0.30435,0.22654,0.32609,0.35355,0.30664,0.35927,0.30778,0.42906,0.34439,0.37757,0.34897,0.36728,0.39016,0.38444,0.36728,0.36957,0.36842,0.33982,0.34783,0.39245,0.36842,0.34325,0.3833,0.36156,0.38215,0.33524,0.33295,0.4119,0.33638
0,0.62815,0.63387,0.23684,0.34211,0.10526,0.25172,0.11785,0.26659,0.31808,0.1476,0.30778,0.3833,0.34668,0.33753,0.32723,0.33867,0.3238,0.38787,0.27117,0.37872,0.30435,0.27574,0.3341,0.36613,0.35011,0.43478,0.35011,0.37986,0.3627,0.3524,0.38673,0.38444,0.39016,0.35011,0.3833,0.3913,0.38558,0.35011,0.24943,0.35469,0.36842,0.35355,0.38215,0.37643,0.38558,0.37185,0.37185,0.37185,0.34897
0,0.62128,0.63158,0.65561,0.62243,0.10526,0.60183,0.21167,0.35355,0.31808,0.1968,0.31465,0.32265,0.31007,0.29405,0.29634,0.32037,0.31808,0.27346,0.32838,0.30549,0.30435,0.37185,0.30206,0.37529,0.35812,0.30892,0.3913,0.33524,0.36842,0.51945,0.51831,0.23913,0.37986,0.38444,0.21625,0.38558,0.37071,0.40618,0.36842,0.33524,0.39588,0.33524,0.36842,0.36842,0.34897,0.38101,0.36842,0.36957,0.37643
0,0.66819,0.63959,0.68764,0.29977,0.5,0.63959,0.25286,0.13844,0.24256,0.30092,0.61442,0.27117,0.3238,0.31579,0.4016,0.60297,0.44622,0.32265,0.43478,0.3238,0.50114,0.3341,0.38673,0.36728,0.36613,0.35812,0.51945,0.53661,0.24142,0.39245,0.34554,0.38101,0.38215,0.24142,0.29405,0.33295,0.38787,0.33982,0.37414,0.34211,0.3913,0.41076,0.36957,0.3833,0.38902,0.38673,0.29634,0.373,0.4222
0,0.68993,0.61556,0.65789,0.34211,0.27689,0.21053,0.44165,0.36842,0.45538,0.25973,0.30549,0.57895,0.32151,0.33753,0.23341,0.23913,0.41762,0.17391,0.27002,0.32494,0.3238,0.54577,0.55378,0.29863,0.5492,0.35126,0.35698,0.49199,0.41876,0.33867,0.36156,0.5103,0.24256,0.34897,0.35355,0.34897,0.36842,0.34897,0.38787,0.36728,0.35698,0.38444,0.33524,0.373,0.38444,0.38558,0.38673,0.373,0.35698
0,0.627,0.72311,0.62014,0.39245,0.10526,0.61556,0.1968,0.20023,0.29405,0.26773,0.30435,0.31693,0.23112,0.26659,0.29062,0.37643,0.26773,0.55034,0.3833,0.48284,0.30206,0.40503,0.29863,0.62357,0.52288,0.36041,0.35698,0.4714,0.61899,0.24371,0.3833,0.32952,0.40847,0.36728,0.24828,0.373,0.40389,0.34325,0.36842,0.39245,0.34668,0.3913,0.38673,0.34783,0.38787,0.373,0.36957,0.37986,0.373
0,0.62929,0.62586,0.61442,0.63043,0.25744,0.20595,0.35698,0.30435,0.31121,0.39817,0.31121,0.31465,0.37986,0.32609,0.32265,0.32609,0.30092,0.33753,0.67849,0.35584,0.27231,0.30206,0.35469,0.63959,0.57208,0.35126,0.33066,0.33295,0.37529,0.24828,0.37185,0.32609,0.35812,0.33867,0.28146,0.36613,0.3833,0.36842,0.33066,0.35469,0.36041,0.33295,0.40618,0.36957,0.36842,0.25973,0.31465,0.37185,0.37185
0,0.7254,0.62014,0.67735,0.61785,0.66133,0.2849,0.33867,0.32609,0.32723,0.35355,0.29977,0.38673,0.26545,0.32952,0.33295,0.27002,0.33524,0.32838,0.30092,0.32723,0.32723,0.39703,0.33638,0.68078,0.56865,0.35812,0.35927,0.48741,0.3833,0.34897,0.24027,0.37986,0.32952,0.38444,0.34897,0.34897,0.36613,0.35698,0.37185,0.32838,0.27918,0.38673,0.36842,0.37185,0.36842,0.25973,0.31465,0.25973,0.36957
0,0.67506,0.60755,0.38673,0.11213,0.373,0.62243,0.43707,0.22769,0.14416,0.15103,0.3135,0.29176,0.41304,0.39016,0.33524,0.32723,0.32609,0.29977,0.3627,0.32609,0.36384,0.35355,0.37529,0.3833,0.58924,0.38787,0.35355,0.38673,0.33295,0.32609,0.42449,0.28261,0.31236,0.38673,0.35469,0.38215,0.36613,0.36041,0.38673,0.3833,0.40046,0.39016,0.33181,0.3833,0.43593,0.37071,0.39931,0.39245,0.33295
0,0.66934,0.59497,0.5881,0.60183,0.60755,0.55034,0.32494,0.32838,0.65217,0.31007,0.15217,0.59725,0.31236,0.41533,0.24027,0.29634,0.36156,0.5492,0.56979,0.37757,0.34783,0.33753,0.56407,0.30092,0.31121,0.39931,0.34897,0.40046,0.23913,0.28032,0.56178,0.33982,0.40275,0.55034,0.61899,0.36728,0.36384,0.36842,0.34668,0.38444,0.34325,0.59268,0.36728,0.33181,0.36728,0.37185,0.38787,0.39817,0.39817
0,0.69451,0.64416,0.6762,0.28261,0.20938,0.48513,0.35584,0.33753,0.32151,0.31808,0.36384,0.47483,0.40275,0.373,0.58238,0.3833,0.45195,0.33181,0.66476,0.32723,0.48055,0.29634,0.47712,0.3341,0.38444,0.5881,0.38101,0.31465,0.35011,0.33295,0.38215,0.34897,0.33867,0.36384,0.38558,0.40961,0.35812,0.38787,0.36957,0.39245,0.38444,0.34668,0.36728,0.40732,0.35469,0.40847,0.36957,0.38215,0.33181
0,0.70481,0.67277,0.63272,0.12815,0.63272,0.16018,0.30435,0.29519,0.32265,0.70137,0.54348,0.3524,0.35927,0.34554,0.35355,0.52632,0.28947,0.33066,0.32952,0.35584,0.29863,0.29634,0.27231,0.43021,0.35469,0.66705,0.43021,0.29977,0.51945,0.62586,0.48169,0.34897,0.34783,0.32723,0.34211,0.39474,0.36842,0.36957,0.34211,0.37986,0.38787,0.39245,0.35698,0.42906,0.37071,0.36041,0.36728,0.373,0.373
0,0.62929,0.58581,0.62357,0.56293,0.18879,0.65103,0.13158,0.68535,0.27231,0.47597,0.25973,0.36156,0.39703,0.50114,0.34554,0.57551,0.60755,0.3341,0.30092,0.26888,0.62014,0.61899,0.29634,0.65561,0.35355,0.3524,0.33753,0.38902,0.3341,0.4222,0.33524,0.35584,0.60297,0.35469,0.35927,0.38558,0.43135,0.35698,0.38215,0.27231,0.35698,0.49428,0.36384,0.46796,0.33295,0.254,0.36728,0.36728,0.36728
0,0.64188,0.61785,0.59725,0.64073,0.22082,0.65789,0.21854,0.63959,0.31007,0.23227,0.47368,0.35126,0.67048,0.68535,0.31236,0.29634,0.29977,0.65904,0.58581,0.38444,0.45995,0.64188,0.29634,0.6167,0.59268,0.61556,0.53432,0.3524,0.33181,0.62815,0.38215,0.32723,0.39703,0.34668,0.45195,0.35812,0.3627,0.36041,0.37643,0.62014,0.36613,0.36613,0.33066,0.36613,0.37071,0.38215,0.38673,0.57323,0.60755
0,0.66819,0.66476,0.27689,0.65675,0.20137,0.21053,0.61213,0.2254,0.56178,0.34439,0.29748,0.29748,0.29405,0.49542,0.63959,0.31693,0.66934,0.29977,0.62929,0.58124,0.40847,0.56293,0.44966,0.3341,0.33295,0.3627,0.32952,0.56407,0.37071,0.36041,0.35469,0.32494,0.373,0.32723,0.35469,0.2849,0.24027,0.36384,0.29863,0.42449,0.38902,0.42334,0.31121,0.37643,0.36499,0.34211,0.37643,0.54233,0.6373
0,0.69222,0.65103,0.65675,0.22883,0.6373,0.32151,0.60984,0.36613,0.53089,0.47254,0.3238,0.52746,0.6167,0.32723,0.62243,0.54348,0.37071,0.55263,0.34668,0.43478,0.57323,0.5492,0.5286,0.3032,0.46453,0.40503,0.4611,0.35355,0.3627,0.60069,0.6167,0.36957,0.27117,0.23913,0.60183,0.37414,0.32952,0.35584,0.32838,0.39588,0.38558,0.373,0.35584,0.3833,0.33181,0.36957,0.33181,0.42677,0.36728
0,0.66476,0.61098,0.59725,0.62815,0.66247,0.21053,0.61327,0.57323,0.57208,0.28947,0.32838,0.64073,0.6373,0.29748,0.29863,0.33066,0.67162,0.6865,0.33066,0.42677,0.62586,0.52403,0.40732,0.37986,0.70938,0.56751,0.25172,0.41419,0.35584,0.42906,0.34668,0.42334,0.38787,0.36156,0.32609,0.32723,0.64874,0.62929,0.38673,0.38902,0.37529,0.37414,0.33295,0.39474,0.36384,0.36613,0.36728,0.38558,0.38101
0,0.68535,0.5778,0.62471,0.58009,0.54691,0.20709,0.29634,0.31579,0.58581,0.51144,0.29748,0.63387,0.39016,0.29748,0.55721,0.62586,0.64874,0.67048,0.23227,0.63616,0.60297,0.29977,0.56751,0.4119,0.6762,0.3524,0.36156,0.36384,0.38673,0.44737,0.58924,0.57551,0.6762,0.33982,0.6373,0.55606,0.37757,0.35698,0.63501,0.373,0.39588,0.50572,0.39016,0.41076,0.37643,0.38558,0.43707,0.38673,0.37071
0,0.70137,0.66133,0.58467,0.71854,0.19336,0.21739,0.38787,0.67277,0.66247,0.45995,0.47712,0.29748,0.29748,0.56522,0.2254,0.32952,0.19108,0.66247,0.65217,0.59725,0.32723,0.61442,0.56178,0.35698,0.21968,0.35126,0.39931,0.24943,0.63959,0.53204,0.55835,0.3833,0.35698,0.47254,0.373,0.35469,0.35812,0.62929,0.65561,0.5,0.62929,0.35812,0.627,0.60755,0.48169,0.59611,0.61327,0.39817,0.38558
0,0.65904,0.63844,0.5,0.66247,0.61785,0.25057,0.3341,0.63043,0.37414,0.59497,0.60755,0.29748,0.66018,0.37071,0.26659,0.32723,0.23455,0.32952,0.44737,0.39931,0.29634,0.26545,0.29634,0.31007,0.57551,0.373,0.31693,0.42105,0.45538,0.38787,0.51945,0.60755,0.62815,0.60412,0.35584,0.40732,0.35812,0.35584,0.40618,0.36156,0.64531,0.51831,0.42449,0.35812,0.36499,0.36613,0.4016,0.62128,0.43478
0,0.6476,0.5984,0.66247,0.65103,0.47826,0.30778,0.25858,0.33295,0.373,0.3341,0.57666,0.45195,0.64874,0.70023,0.33982,0.26659,0.6476,0.627,0.60412,0.60412,0.4222,0.29634,0.33181,0.44165,0.44165,0.29748,0.63158,0.38673,0.38902,0.40389,0.38444,0.64531,0.39359,0.60641,0.5881,0.35812,0.35812,0.63043,0.57895,0.6167,0.60755,0.41419,0.38444,0.60183,0.36156,0.35927,0.41762,0.33181,0.47483
0,0.62929,0.63043,0.59497,0.69908,0.39817,0.14073,0.28947,0.31121,0.65332,0.33753,0.68879,0.6762,0.6476,0.33181,0.65217,0.50801,0.46224,0.40046,0.64874,0.30092,0.43822,0.33524,0.42105,0.40847,0.41419,0.60984,0.37529,0.21625,0.63158,0.35698,0.32838,0.35469,0.62014,0.65789,0.64645,0.33524,0.36728,0.38558,0.57895,0.32838,0.35698,0.68307,0.35927,0.70481,0.35927,0.63616,0.38558,0.39931,0.38673
0,0.66934,0.64874,0.59611,0.46911,0.50801,0.35011,0.21854,0.43822,0.66476,0.67048,0.5984,0.59153,0.65561,0.29748,0.61098,0.62014,0.373,0.33181,0.61899,0.62243,0.67048,0.42449,0.30206,0.55606,0.37071,0.67277,0.35698,0.30664,0.35698,0.35698,0.60412,0.35698,0.38101,0.60297,0.43707,0.62128,0.35812,0.58581,0.34897,0.36957,0.57551,0.50915,0.24828,0.35927,0.38558,0.33638,0.3627,0.35698,0.40732
0,0.67162,0.64531,0.55721,0.2849,0.48169,0.39016,0.25973,0.3238,0.33867,0.33066,0.3135,0.67277,0.60183,0.61556,0.53547,0.37414,0.34211,0.61213,0.64989,0.4405,0.61098,0.61442,0.60641,0.64073,0.36842,0.24256,0.32265,0.29634,0.31465,0.40389,0.38902,0.35698,0.36499,0.34554,0.43593,0.40618,0.35812,0.35698,0.35812,0.38787,0.40847,0.37872,0.35927,0.62014,0.41533,0.44622,0.37986,0.38558,0.61785
0,0.65103,0.68535,0.57895,0.59268,0.31121,0.6476,0.22082,0.47597,0.55721,0.29519,0.29176,0.64645,0.61556,0.59153,0.39245,0.29977,0.59611,0.3135,0.30092,0.51602,0.63959,0.33524,0.29291,0.30206,0.63158,0.58238,0.37643,0.36499,0.59954,0.60526,0.3238,0.62014,0.37872,0.63844,0.37529,0.39016,0.35927,0.35698,0.33181,0.36499,0.35812,0.52288,0.45195,0.33295,0.39359,0.35927,0.35927,0.38558,0.33524
0,0.61213,0.62471,0.63501,0.66247,0.62586,0.57551,0.21739,0.28719,0.56979,0.28146,0.64073,0.63844,0.36842,0.6865,0.36499,0.62014,0.45309,0.33524,0.30092,0.3341,0.63616,0.57895,0.35126,0.35355,0.37757,0.36613,0.3913,0.32151,0.6167,0.35584,0.38902,0.35698,0.56751,0.35927,0.35812,0.36041,0.35698,0.50915,0.59268,0.627,0.63616,0.66362,0.38902,0.37643,0.62014,0.36041,0.4508,0.41419,0.39359
0,0.65446,0.64188,0.60183,0.33066,0.59725,0.43936,0.32838,0.54691,0.35698,0.30206,0.34897,0.36499,0.33066,0.65675,0.63043,0.31808,0.62471,0.34668,0.5881,0.38558,0.33066,0.33295,0.59153,0.57895,0.59153,0.41076,0.55606,0.35469,0.39359,0.35469,0.60984,0.35698,0.38101,0.38787,0.35812,0.35812,0.40732,0.46796,0.55263,0.38902,0.38787,0.35927,0.39588,0.36041,0.36041,0.38673,0.44394,0.45995,0.40046
0,0.6476,0.64874,0.58124,0.62357,0.35927,0.59954,0.56064,0.33982,0.62014,0.44394,0.32952,0.6373,0.37071,0.62357,0.31007,0.59725,0.69451,0.57094,0.35011,0.33295,0.35584,0.32609,0.29863,0.58238,0.64416,0.64531,0.35469,0.63959,0.60755,0.62357,0.42105,0.39245,0.4897,0.3913,0.63501,0.39245,0.62586,0.50686,0.35927,0.44622,0.52059,0.63043,0.63272,0.36384,0.36384,0.58581,0.36041,0.3913,0.49657
0,0.64416,0.58696,0.5881,0.27918,0.64188,0.6968,0.48169,0.29062,0.29062,0.29519,0.6373,0.54462,0.61556,0.61442,0.61899,0.57551,0.26888,0.6373,0.64302,0.55492,0.60297,0.26659,0.64989,0.35469,0.32265,0.58238,0.56407,0.63844,0.67963,0.60984,0.6476,0.57895,0.64302,0.36156,0.35812,0.59268,0.3833,0.33066,0.32952,0.42105,0.49314,0.35927,0.63158,0.33066,0.6087,0.44508,0.35927,0.59954,0.36728
0,0.60526,0.66247,0.57666,0.66362,0.29748,0.66705,0.67277,0.66018,0.58467,0.61442,0.38558,0.65675,0.60183,0.6087,0.60526,0.59153,0.62128,0.58124,0.59153,0.30206,0.55721,0.26659,0.60755,0.61442,0.52975,0.64531,0.59497,0.63272,0.32952,0.38215,0.60412,0.63158,0.5778,0.61899,0.62128,0.32952,0.39016,0.54119,0.52059,0.50458,0.65675,0.58124,0.55835,0.52632,0.36041,0.55606,0.53547,0.63844,0.33295
0,0.63272,0.6167,0.58467,0.65446,0.40046,0.54577,0.68078,0.32494,0.64874,0.33295,0.66018,0.4508,0.64188,0.34897,0.36728,0.29863,0.59497,0.29977,0.63501,0.31693,0.37872,0.57895,0.54577,0.61556,0.29977,0.35698,0.59725,0.38673,0.63959,0.63844,0.5881,0.30206,0.32723,0.62586,0.35812,0.39817,0.6087,0.61098,0.35812,0.35927,0.62014,0.65789,0.62243,0.58124,0.35698,0.64302,0.35927,0.60297,0.39245
0,0.62586,0.60755,0.57094,0.62929,0.43249,0.55492,0.25973,0.36499,0.60297,0.29291,0.57551,0.59954,0.58238,0.34096,0.36499,0.67162,0.63387,0.65103,0.627,0.30092,0.3032,0.54805,0.40389,0.62586,0.35698,0.29863,0.60755,0.59153,0.59497,0.71053,0.36156,0.63501,0.3238,0.35812,0.36156,0.65675,0.41076,0.56865,0.58124,0.48856,0.57094,0.35927,0.63501,0.52288,0.63501,0.62471,0.36384,0.627,0.38101
0,0.65217,0.67048,0.57666,0.65217,0.62586,0.3135,0.62014,0.62586,0.5984,0.29748,0.66133,0.42906,0.29748,0.58467,0.61785,0.62357,0.5881,0.65446,0.62357,0.59153,0.57666,0.63043,0.37185,0.60412,0.59611,0.62128,0.60412,0.35927,0.64874,0.37986,0.32151,0.373,0.30206,0.68764,0.63272,0.60183,0.56293,0.55835,0.32723,0.58009,0.38787,0.36384,0.67048,0.62357,0.36156,0.64073,0.39016,0.36384,0.36384
0,0.65217,0.64416,0.57094,0.62929,0.63501,0.61327,0.64874,0.36613,0.64531,0.36384,0.26545,0.64874,0.39931,0.32723,0.64531,0.65675,0.62357,0.66705,0.59268,0.58124,0.59954,0.43478,0.64302,0.56522,0.68078,0.52059,0.42792,0.3238,0.6167,0.58352,0.63959,0.3238,0.67048,0.40618,0.3913,0.35812,0.5881,0.60984,0.5286,0.65446,0.64645,0.64302,0.6167,0.36613,0.3341,0.39359,0.33524,0.59611,0.58924
0,0.64874,0.59611,0.60183,0.63501,0.44508,0.53089,0.67162,0.65332,0.26316,0.6087,0.57208,0.61556,0.60984,0.29863,0.65446,0.65675,0.62357,0.34897,0.60641,0.59268,0.26888,0.63501,0.29863,0.62014,0.32494,0.58009,0.59268,0.66362,0.66705,0.42563,0.68993,0.56293,0.62929,0.36041,0.6476,0.35927,0.38902,0.36041,0.59954,0.6659,0.58924,0.4016,0.63158,0.6167,0.41876,0.45881,0.62014,0.61442,0.63501
0,0.63616,0.66133,0.61098,0.64989,0.41076,0.34439,0.60069,0.34325,0.62357,0.67391,0.26773,0.63616,0.57094,0.26888,0.32494,0.36613,0.6087,0.27002,0.29977,0.61899,0.68421,0.40961,0.27002,0.27002,0.32494,0.55835,0.37986,0.36041,0.60069,0.59725,0.63158,0.48169,0.49085,0.5286,0.59039,0.55263,0.57323,0.61899,0.62815,0.33181,0.58124,0.35927,0.36041,0.39016,0.53547,0.43021,0.65789,0.39359,0.57094
0,0.65217,0.60984,0.65332,0.68764,0.58924,0.20595,0.26773,0.52288,0.36613,0.65675,0.66018,0.52288,0.6087,0.32494,0.29977,0.59268,0.37071,0.61899,0.26773,0.59382,0.62586,0.61899,0.30206,0.27002,0.37643,0.35812,0.35698,0.37872,0.40732,0.47597,0.30435,0.32609,0.45195,0.36156,0.6167,0.36041,0.63272,0.55721,0.36384,0.39245,0.43593,0.39817,0.50801,0.3627,0.36613,0.54462,0.48741,0.56407,0.36613
0,0.64073,0.70595,0.66247,0.69222,0.66819,0.65446,0.64302,0.55721,0.29519,0.37071,0.67849,0.69451,0.51259,0.37529,0.36156,0.45881,0.30092,0.57895,0.54233,0.35469,0.27231,0.63043,0.3524,0.27231,0.29977,0.34439,0.30206,0.58696,0.32838,0.34325,0.38558,0.39245,0.36384,0.39703,0.36384,0.36728,0.373,0.50915,0.39817,0.52288,0.62815,0.36499,0.40847,0.3913,0.36156,0.4119,0.39359,0.52746,0.36156
0,0.65103,0.63043,0.65332,0.61442,0.6087,0.24485,0.26659,0.64416,0.58124,0.36728,0.6087,0.68879,0.68879,0.63616,0.42105,0.68192,0.35469,0.33867,0.42792,0.60069,0.27231,0.27002,0.65332,0.53776,0.37986,0.60755,0.60183,0.62471,0.62128,0.58467,0.3627,0.63844,0.54005,0.54348,0.59153,0.33638,0.42677,0.36041,0.38215,0.32609,0.39588,0.36041,0.42334,0.36156,0.39359,0.33982,0.42677,0.38215,0.56407
0,0.64302,0.6476,0.65904,0.67162,0.64645,0.61213,0.36728,0.59382,0.29748,0.3032,0.61098,0.3913,0.30092,0.68192,0.56293,0.29863,0.38673,0.32494,0.54005,0.27231,0.41991,0.35469,0.34325,0.6373,0.40503,0.37986,0.40961,0.37986,0.34783,0.36499,0.26888,0.41991,0.55606,0.627,0.64989,0.71167,0.27346,0.58924,0.63844,0.59954,0.32609,0.34439,0.37757,0.37643,0.37643,0.36384,0.39016,0.36384,0.39474
0,0.65103,0.61556,0.65561,0.65561,0.64989,0.20824,0.36728,0.36957,0.56979,0.44966,0.61327,0.63158,0.61556,0.31007,0.6087,0.61899,0.5984,0.27231,0.38101,0.3032,0.61785,0.35812,0.373,0.60412,0.46224,0.4222,0.55606,0.5778,0.30549,0.5881,0.373,0.63501,0.33867,0.40503,0.61899,0.61098,0.61213,0.58238,0.62357,0.37872,0.58238,0.5778,0.63616,0.52975,0.56178,0.50686,0.51144,0.41419,0.65904
0,0.63616,0.67162,0.66362,0.60297,0.6087,0.20709,0.63272,0.64989,0.69908,0.58581,0.66018,0.70481,0.62243,0.64989,0.66247,0.27231,0.63043,0.37414,0.30435,0.6087,0.69908,0.5984,0.46568,0.29977,0.69451,0.68879,0.38558,0.49428,0.41533,0.52403,0.55378,0.61785,0.63043,0.54233,0.58352,0.34439,0.56979,0.61899,0.58581,0.2746,0.42449,0.35927,0.43936,0.40961,0.36041,0.56636,0.51716,0.55263,0.58581
0,0.63959,0.71053,0.66018,0.63272,0.64073,0.6167,0.6167,0.29291,0.69451,0.6659,0.59153,0.69908,0.67048,0.5595,0.3032,0.56865,0.27231,0.30664,0.27231,0.43249,0.37529,0.38101,0.35584,0.37872,0.66934,0.70252,0.72769,0.67277,0.30206,0.42334,0.64302,0.40618,0.48398,0.5492,0.32838,0.32723,0.3627,0.41762,0.38101,0.36384,0.32723,0.60984,0.32723,0.53318,0.47826,0.32723,0.63272,0.55149,0.33295
0,0.64645,0.58238,0.60641,0.63616,0.45652,0.22883,0.65675,0.29519,0.59725,0.60755,0.65789,0.30092,0.64073,0.59725,0.5881,0.58124,0.27231,0.30664,0.3135,0.35011,0.27346,0.39703,0.57094,0.30092,0.61327,0.34439,0.66247,0.60069,0.37872,0.55721,0.60755,0.70709,0.61785,0.56751,0.5984,0.56865,0.60641,0.66705,0.56293,0.60069,0.63387,0.36842,0.49886,0.57895,0.36499,0.36156,0.36156,0.6087,0.33295
